1.0145e-3    10.272
1.028e-3    10.2721
1.0416e-3    10.2723
1.0555e-3    10.2724
1.0695e-3    10.2725
1.0838e-3    10.2726
1.0982e-3    10.2727
1.1128e-3    10.2728
1.1276e-3    10.273
1.1426e-3    10.2731
1.1578e-3    10.2732
1.1733e-3    10.2732
1.1889e-3    10.2734
1.2047e-3    10.2735
1.2207e-3    10.2736
1.237e-3    10.2738
1.2534e-3    10.2739
1.2701e-3    10.274
1.287e-3    10.2741
1.3041e-3    10.2742
1.3215e-3    10.2743
1.3391e-3    10.2745
1.3569e-3    10.2746
1.375e-3    10.2747
1.3933e-3    10.2748
1.4118e-3    10.2749
1.4306e-3    10.275
1.4496e-3    10.2752
1.4689e-3    10.2753
1.4885e-3    10.2753
1.5083e-3    10.2755
1.5284e-3    10.2756
1.5487e-3    10.2757
1.5693e-3    10.2758
1.5902e-3    10.276
1.6114e-3    10.2761
1.6328e-3    10.2762
1.6545e-3    10.2763
1.6765e-3    10.2764
1.6989e-3    10.2765
1.7215e-3    10.2767
1.7444e-3    10.2768
1.7676e-3    10.2769
1.7911e-3    10.277
1.815e-3    10.2771
1.8391e-3    10.2772
1.8636e-3    10.2772
1.8884e-3    10.2775
1.9135e-3    10.2776
1.939e-3    10.2777
1.9648e-3    10.2778
1.9909e-3    10.2779
2.0174e-3    10.278
2.0443e-3    10.2782
2.0715e-3    10.2783
2.0991e-3    10.2784
2.127e-3    10.2785
2.1553e-3    10.2786
2.184e-3    10.2787
2.213e-3    10.2789
2.2425e-3    10.279
2.2723e-3    10.2791
2.3026e-3    10.2792
2.3332e-3    10.2793
2.3643e-3    10.4003
2.3958e-3    10.4003
2.4277e-3    10.4005
2.46e-3    10.4006
2.4927e-3    10.4007
2.5259e-3    10.4009
2.5595e-3    10.401
2.5936e-3    10.4011
2.6281e-3    10.4012
2.663e-3    10.4013
2.6985e-3    10.4014
2.7344e-3    10.4015
2.7708e-3    10.4017
2.8077e-3    10.4018
2.845e-3    10.4019
2.8829e-3    10.402
2.9213e-3    10.4021
2.9601e-3    10.4022
2.9995e-3    10.4024
3.0394e-3    10.4025
3.0799e-3    10.4026
3.1209e-3    10.4027
3.1624e-3    10.4028
3.2045e-3    10.4029
3.2472e-3    10.4031
3.2904e-3    10.4032
3.3342e-3    10.4033
3.3785e-3    10.4034
3.4235e-3    10.4035
3.4691e-3    10.4036
3.5152e-3    10.4037
3.562e-3    10.4039
3.6094e-3    10.404
3.6574e-3    10.4041
3.7061e-3    10.4042
3.7554e-3    10.4043
3.8054e-3    10.4043
3.8561e-3    10.4046
3.9074e-3    10.4047
3.9594e-3    10.4048
4.0121e-3    10.4049
4.0655e-3    10.405
4.1196e-3    10.4051
4.1744e-3    10.4052
4.2299e-3    10.4054
4.2862e-3    10.4055
4.3433e-3    10.4056
4.4011e-3    10.4057
4.4597e-3    10.4058
4.519e-3    10.4059
4.5792e-3    10.4061
4.6401e-3    10.4062
4.7018e-3    10.4062
4.7644e-3    10.4064
4.8279e-3    10.5274
4.8921e-3    10.5274
4.9572e-3    10.5276
5.0232e-3    10.5276
5.0901e-3    10.5278
5.1578e-3    10.5279
5.2265e-3    10.5281
5.296e-3    10.5282
5.3665e-3    10.5283
5.4379e-3    10.5284
5.5103e-3    10.5285
5.5836e-3    10.5286
5.6579e-3    10.5288
5.7332e-3    10.5289
5.8095e-3    10.529
5.8868e-3    10.5291
5.9652e-3    10.5292
6.0446e-3    10.5293
6.125e-3    10.5293
6.2065e-3    10.5295
6.2891e-3    10.5297
6.3728e-3    10.5298
6.4576e-3    10.5299
6.5436e-3    10.53
6.6307e-3    10.5301
6.7189e-3    10.5303
6.8083e-3    10.5304
6.8989e-3    10.5305
6.9907e-3    10.5306
7.0838e-3    10.5307
7.178e-3    10.5308
7.2736e-3    10.531
7.3704e-3    10.5311
7.4685e-3    10.5312
7.5679e-3    10.5312
7.6686e-3    10.5314
7.7706e-3    10.5314
7.874e-3    10.5316
7.9788e-3    10.5318
8.085e-3    10.5319
8.1926e-3    10.532
8.3016e-3    10.5321
8.4121e-3    10.5322
8.5241e-3    10.5323
8.6375e-3    10.5325
8.7525e-3    10.5326
8.869e-3    10.5327
8.987e-3    10.5328
9.1066e-3    10.5329
9.2278e-3    10.533
9.3506e-3    10.5331
9.475e-3    10.5333
9.6011e-3    10.5333
9.7289e-3    10.5335
9.8584e-3    10.5335
9.9896e-3    10.5337
0.0101    10.5338
0.0103    10.534
0.0104    10.5341
0.0105    10.5342
0.0107    10.5343
0.0108    10.5344
0.011    10.5345
0.0111    10.5347
0.0113    10.5348
0.0114    10.5349
0.0116    10.535
0.0117    10.5351
0.0119    10.5352
0.012    10.5352
0.0122    10.5354
0.0123    10.5356
0.0125    10.5356
0.0127    10.5358
0.0128    10.5359
0.013    10.536
0.0132    10.5362
0.0134    10.5363
0.0135    10.5364
0.0137    10.5365
0.0139    10.5366
0.0141    10.5367
0.0143    10.5368
0.0145    10.537
0.0147    10.5371
0.0149    10.5372
0.0151    10.5373
0.0153    10.5373
0.0155    10.5375
0.0157    10.5377
0.0159    10.5377
0.0161    10.5379
0.0163    10.538
0.0165    10.5381
0.0167    10.5382
0.017    10.6592
0.0172    10.6593
0.0174    10.6594
0.0176    10.6595
0.0179    10.6597
0.0181    10.7806
0.0184    10.7807
0.0186    10.7809
0.0188    10.9018
0.0191    10.9019
0.0193    11.0229
0.0196    11.023
0.0199    11.0231
0.0201    11.1441
0.0204    11.1442
0.0207    11.1443
0.0209    11.2652
0.0212    11.2654
0.0215    11.2655
0.0218    11.2656
0.0221    11.3866
0.0224    11.3867
0.0227    11.3868
0.023    11.5078
0.0233    11.5079
0.0236    11.6289
0.0239    11.629
0.0242    11.6291
0.0245    11.7501
0.0249    11.7502
0.0252    11.7503
0.0255    11.8712
0.0259    11.8714
0.0262    11.9923
0.0266    11.9924
0.0269    11.9926
0.0273    12.1135
0.0277    12.1136
0.028    12.1137
0.0284    12.2347
0.0288    12.2348
0.0292    12.2349
0.0295    12.3559
0.0299    12.3559
0.0303    12.4769
0.0307    12.4771
0.0311    12.4772
0.0316    12.5981
0.032    12.5983
0.0324    12.7191
0.0328    12.7194
0.0333    12.8403
0.0337    12.8404
0.0342    12.8406
0.0346    12.9615
0.0351    12.9616
0.0356    13.0826
0.036    13.2036
0.0365    13.2037
0.037    13.3246
0.0375    13.3248
0.038    13.3249
0.0385    13.4458
0.039    13.4459
0.0395    13.4461
0.04    13.567
0.0406    13.5671
0.0411    13.6881
0.0417    13.8091
0.0422    13.8092
0.0428    13.9301
0.0434    13.9303
0.0439    13.9304
0.0445    14.0513
0.0451    14.0514
0.0457    14.1724
0.0463    14.1724
0.0469    14.1726
0.0476    14.1728
0.0482    14.2937
0.0488    14.2938
0.0495    14.2939
0.0501    14.4149
0.0508    14.5359
0.0515    14.536
0.0522    14.6569
0.0529    14.6571
0.0536    14.778
0.0543    14.7781
0.055    14.8991
0.0557    14.8992
0.0565    14.8993
0.0572    15.0203
0.058    15.0204
0.0588    15.1414
0.0596    15.1415
0.0603    15.1416
0.0611    15.2626
0.062    15.2627
0.0628    15.3836
0.0636    15.3838
0.0645    15.3839
0.0653    15.5048
0.0662    15.505
0.0671    15.5051
0.068    15.626
0.0689    15.6261
0.0698    15.7471
0.0707    15.7471
0.0717    15.8681
0.0726    15.8683
0.0735    15.9893
0.0746    15.9893
0.0756    16.1103
0.0766    16.1105
0.0776    16.2314
0.0786    16.2315
0.0796    16.2316
0.0807    16.3526
0.0818    16.3527
0.0829    16.3528
0.084    16.4738
0.0851    16.4739
0.0862    16.474
0.0874    16.4741
0.0886    16.5951
0.0897    16.5952
0.0909    16.7162
0.0921    16.7163
0.0934    16.8373
0.0946    16.9582
0.0959    16.9583
0.0971    17.0793
0.0984    17.0794
0.0997    17.2004
0.1011    17.3213
0.1024    17.4423
0.1038    17.5633
0.1052    17.6842
0.1066    17.8052
0.108    17.9262
0.1094    18.0471
0.1109    18.1681
0.1124    18.289
0.1139    18.41
0.1154    18.531
0.1169    18.6519
0.1185    18.7729
0.1201    18.8938
0.1201    19.0147
0.1201    19.1355
0.1217    19.2565
0.1233    19.3775
0.1249    19.4984
0.1249    19.6193
0.1266    19.7402
0.1283    19.8612
0.1283    19.982
0.13    20.103
0.1317    20.224
0.1317    20.3448
0.1335    20.4658
0.1352    20.5867
0.1352    20.7076
0.1353    20.8284
0.1371    20.9494
0.1371    21.0702
0.1371    21.1911
0.1389    21.312
0.1389    21.4329
0.1389    21.5537
0.1389    21.6745
0.1407    21.7955
0.1407    21.9163
0.1407    22.0372
0.1426    22.1582
0.1426    22.279
0.1426    22.3999
0.1426    22.5207
0.1445    22.6417
0.1445    22.7625
0.1445    22.8834
0.1445    23.0042
0.1465    23.1252
0.1465    23.246
0.1465    23.3669
0.1484    23.4878
0.1484    23.6087
0.1484    23.7295
0.1484    23.8504
0.1504    23.9713
0.1504    24.0922
0.1504    24.213
0.1524    24.334
0.1524    24.4548
0.1524    24.5756
0.1544    24.6966
0.1544    24.8175
0.1544    24.9383
0.1565    25.0593
0.1565    25.1802
0.1565    25.301
0.1586    25.422
0.1586    25.5428
0.1586    25.6637
0.1607    25.7846
0.1607    25.9055
0.1607    26.0263
0.1628    26.1473
0.1628    26.2681
0.1629    26.389
0.165    26.5099
0.165    26.6308
0.165    26.7516
0.1672    26.8726
0.1672    26.9933
0.1672    27.1143
0.1672    27.2351
0.1672    27.3559
0.1672    27.4768
0.1672    27.5977
0.1695    27.7186
0.1695    27.8395
0.1695    27.9603
0.1695    28.0811
0.1695    28.202
0.1695    28.3228
0.1695    28.4437
0.1717    28.5646
0.1717    28.6855
0.1717    28.8063
0.1717    28.9272
0.1717    29.048
0.1717    29.1689
0.1717    29.2897
0.174    29.4107
0.174    29.5314
0.174    29.6524
0.174    29.7732
0.174    29.8941
0.174    30.0149
0.1741    30.1358
0.1764    30.2567
0.1764    30.3776
0.1764    30.4984
0.1764    30.6193
0.1764    30.7401
0.1764    30.861
0.1787    30.9819
0.1787    31.1028
0.1787    31.2236
0.1787    31.3445
0.1787    31.4653
0.1787    31.5861
0.1787    31.7069
0.1811    31.8279
0.1811    31.9487
0.1811    32.0695
0.1811    32.1905
0.1811    32.3113
0.1811    32.4322
0.1811    32.553
0.1811    32.6739
0.1836    32.7948
0.1836    32.9157
0.1836    33.0365
0.1836    33.1574
0.1836    33.2782
0.1836    33.3991
0.1836    33.5199
0.1836    33.6408
0.186    33.7617
0.186    33.8826
0.186    34.0034
0.186    34.1243
0.186    34.2451
0.186    34.366
0.186    34.4868
0.186    34.6076
0.1885    34.7286
0.1885    34.8495
0.1885    34.9703
0.1885    35.0911
0.1885    35.212
0.191    35.333
0.191    35.4538
0.191    35.5746
0.191    35.6955
0.191    35.8163
0.191    35.9372
0.1936    36.0581
0.1936    36.179
0.1936    36.2998
0.1936    36.4207
0.1936    36.5415
0.1962    36.6625
0.1962    36.7833
0.1962    36.9042
0.1962    37.025
0.1962    37.1459
0.1988    37.2668
0.1988    37.3877
0.1988    37.5085
0.1988    37.6294
0.1988    37.7502
0.1988    37.8711
0.1988    37.9919
0.1988    38.1128
0.1988    38.2336
0.2015    38.3546
0.2015    38.4754
0.2015    38.5963
0.2015    38.717
0.2015    38.838
0.2015    38.9588
0.2015    39.0796
0.2015    39.2005
0.2015    39.3213
0.2015    39.4422
0.2015    39.563
0.2015    39.6839
0.2042    39.8048
0.2042    39.9257
0.2042    40.0465
0.2042    40.1674
0.2042    40.2882
0.2042    40.4091
0.2042    40.5299
0.2042    40.6508
0.2042    40.7715
0.2069    40.8925
0.2069    41.0134
0.2069    41.1343
0.2069    41.2551
0.2069    41.3759
0.2097    41.4969
0.2097    41.6178
0.2097    41.7386
0.2097    41.8594
0.2125    41.9804
0.2125    42.1013
0.2125    42.2221
0.2125    42.3429
0.2125    42.4638
0.2153    42.5848
0.2153    42.7056
0.2154    42.8264
0.2154    42.9473
0.2154    43.0681
0.2154    43.189
0.2182    43.3099
0.2182    43.4308
0.2182    43.5516
0.2182    43.6724
0.2182    43.7933
0.2182    43.9142
0.2182    44.035
0.2183    44.1559
0.2183    44.2767
0.2183    44.3976
0.2183    44.5184
0.2183    44.6393
0.2183    44.7601
0.2183    44.8809
0.2183    45.0018
0.2212    45.1228
0.2212    45.2436
0.2212    45.3644
0.2212    45.4853
0.2212    45.6061
0.2212    45.7269
0.2212    45.8477
0.2212    45.9687
0.2212    46.0895
0.2212    46.2104
0.2212    46.3312
0.2212    46.4521
0.2212    46.5729
0.2212    46.6938
0.2212    46.8146
0.2212    46.9354
0.2242    47.0564
0.2242    47.1773
0.2242    47.2981
0.2242    47.4189
0.2242    47.5398
0.2242    47.6606
0.2242    47.7814
0.2242    47.9022
0.2242    48.0232
0.2242    48.144
0.2242    48.2649
0.2242    48.3857
0.2272    48.5067
0.2272    48.6275
0.2272    48.7484
0.2272    48.8692
0.2272    48.9901
0.2302    49.111
0.2302    49.2319
0.2302    49.3527
0.2302    49.4736
0.2302    49.5944
0.2333    49.7154
0.2333    49.8362
0.2333    49.9571
0.2364    50.078
0.2364    50.1989
0.2396    50.3197
0.2396    50.4407
0.2428    50.5615
0.2428    50.6825
0.246    50.8034
0.246    50.9243
0.2493    51.0453
0.2526    51.1662
0.2526    51.2871
0.256    51.408
0.256    51.5289
0.2594    51.6498
0.2628    51.7708
0.2628    51.8916
0.2664    52.0126
0.2664    52.1334
0.2699    52.2544
0.2699    52.3753
0.2735    52.4962
0.2735    52.6171
0.2771    52.738
0.2772    52.8589
0.2772    52.9797
0.2808    53.1007
0.2809    53.2215
0.2846    53.3425
0.2884    53.4634
0.2884    53.5843
0.2922    53.7053
0.2922    53.826
0.2961    53.9471
0.3001    54.068
0.3001    54.1889
0.3041    54.3098
0.3041    54.4307
0.3081    54.5516
0.3081    54.6724
0.3122    54.7934
0.3122    54.9143
0.3164    55.0352
0.3164    55.1561
0.3206    55.2771
0.3206    55.3979
0.3206    55.5188
0.3249    55.6397
0.3249    55.7606
0.3292    55.8815
0.3292    56.0024
0.3336    56.1233
0.3336    56.2442
0.3381    56.3651
0.3381    56.486
0.3381    56.6068
0.3426    56.7278
0.3426    56.8486
0.3472    56.9696
0.3472    57.0904
0.3518    57.2114
0.3518    57.3323
0.3565    57.4532
0.3565    57.5741
0.3612    57.6949
0.3612    57.8159
0.366    57.9367
0.366    58.0577
0.3709    58.1786
0.3709    58.2995
0.3759    58.4203
0.3759    58.5413
0.3809    58.6623
0.3809    58.7831
0.386    58.9041
0.386    59.0249
0.3911    59.1459
0.3911    59.2667
0.3963    59.3877
0.3963    59.5085
0.3963    59.6294
0.4016    59.7503
0.4016    59.8712
0.407    59.9921
0.407    60.113
0.4123    60.2339
0.4123    60.3548
0.4179    60.4758
0.4235    60.5967
0.4235    60.7176
0.4291    60.8385
0.4291    60.9594
0.4348    61.0803
0.4348    61.2012
0.4349    61.322
0.4405    61.443
0.4407    61.5638
0.4407    61.6846
0.4465    61.8056
0.4465    61.9264
0.4465    62.0473
0.4465    62.1682
0.4525    62.2891
0.4525    62.41
0.4525    62.5308
0.4585    62.6518
0.4585    62.7726
0.4646    62.8936
0.4647    63.0144
0.4708    63.1354
0.4708    63.2563
0.4708    63.3771
0.4771    63.4981
0.4771    63.6189
0.4835    63.7399
0.4835    63.8607
0.4899    63.9817
0.4899    64.1025
0.4965    64.2235
0.4965    64.3443
0.503    64.4653
0.503    64.5861
0.5098    64.7071
0.5098    64.8279
0.5166    64.9489
0.5166    65.0698
0.5166    65.1905
0.5234    65.3115
0.5234    65.4324
0.5234    65.5533
0.5305    65.6742
0.5305    65.7951
0.5305    65.9159
0.5375    66.0369
0.5375    66.1577
0.5447    66.2787
0.5447    66.3995
0.5447    66.5204
0.552    66.6413
0.552    66.7622
0.552    66.883
0.5594    67.004
0.5594    67.1248
0.5668    67.2458
0.5668    67.3666
0.5744    67.4876
0.5744    67.6084
0.5821    67.7294
0.5821    67.8502
0.5897    67.9712
0.5897    68.0921
0.5977    68.213
0.5977    68.3338
0.6057    68.4548
0.6057    68.5756
0.6137    68.6966
0.6137    68.8175
0.6219    68.9384
0.6219    69.0593
0.6301    69.1803
0.6385    69.3012
0.6385    69.4221
0.6471    69.543
0.6471    69.6639
0.6557    69.7848
0.6558    69.9057
0.6558    70.0265
0.6644    70.1475
0.6644    70.2683
0.6734    70.3893
0.6734    70.5101
0.6823    70.6311
0.6824    70.7519
0.6824    70.8728
0.6914    70.9938
0.7006    71.1147
0.7006    71.2356
0.71    71.3565
0.71    71.4774
0.7195    71.5983
0.7195    71.7191
0.729    71.8401
0.729    71.9609
0.7388    72.0819
0.7486    72.2029
0.7486    72.3237
0.7586    72.4447
0.7586    72.5655
0.7687    72.6865
0.7687    72.8074
0.779    72.9283
0.779    73.0492
0.7894    73.1701
0.7999    73.2911
0.7999    73.4119
0.8106    73.5329
0.8106    73.6538
0.8214    73.7747
0.8214    73.8956
0.8323    74.0165
0.8434    74.1375
0.8434    74.2583
0.8547    74.3793
0.8547    74.5001
0.866    74.6211
0.866    74.7419
0.8776    74.8629
0.8893    74.9839
0.8893    75.1047
0.9011    75.2257
0.9012    75.3465
0.9132    75.4675
0.9253    75.5884
0.9253    75.7093
0.9377    75.8303
0.9502    75.9512
0.9628    76.0722
0.9756    76.1931
0.9886    76.3141
1.0018    76.4351
1.0018    76.5558
1.0152    76.6768
1.0287    76.7978
1.0424    76.9188
1.0563    77.0398
1.0563    77.1606
1.0704    77.2816
1.0846    77.4025
1.0991    77.5234
1.0991    77.6442
1.1137    77.7652
1.1286    77.8862
1.1436    78.0072
1.1436    78.128
1.1589    78.249
1.1743    78.37
1.1899    78.4909
1.19    78.6118
1.2058    78.7328
1.2219    78.8537
1.2382    78.9747
1.2546    79.0956
1.2713    79.2166
1.2883    79.3376
1.3054    79.3377
1.3228    79.4586
1.3405    79.5796
1.3583    79.5796
1.3583    79.7006
1.3764    79.7006
1.3947    79.7008
1.4133    79.8218
1.4321    79.9426
1.4512    80.0637
1.4705    80.0638
1.4901    80.1848
1.5099    80.3057
1.5301    80.4267
1.5504    80.5476
1.5711    80.6686
1.592    80.6686
1.6132    80.7896
1.6347    80.9106
1.6564    81.0316
1.6785    81.0317
1.7008    81.1527
1.7236    81.2736
1.7465    81.3946
1.7698    81.3947
1.7933    81.5157
1.8172    81.6366
1.8414    81.6368
1.8659    81.7577
1.8908    81.7578
1.9159    81.758
1.9415    81.8789
1.9673    81.879
1.9935    81.8791
2.02    82.0001
2.0469    82.0002
2.0742    82.0003
2.1018    82.0005
2.1298    82.1214
2.1581    82.1215
2.1869    82.2425
2.216    82.2426
2.2455    82.3636
2.2753    82.3637
2.3057    82.4846
2.3364    82.4848
2.3675    82.6057
2.399    82.6058
2.431    82.7268
2.4633    82.7269
2.4961    82.7269
2.5293    82.8479
2.563    82.8481
2.5971    82.8481
2.6317    82.8483
2.6667    82.8485
2.7022    82.8486
2.7381    82.8487
2.7746    82.8488
2.8115    82.8489
2.8489    82.849
2.8869    82.97
2.9253    82.9701
2.9642    82.9702
3.0037    83.0912
3.0437    83.0913
3.0842    83.0914
3.1253    83.2124
3.1669    83.2125
3.209    83.2126
3.2518    83.3336
3.2951    83.3336
3.3389    83.3338
3.3833    83.3338
3.4284    83.4549
3.474    83.455
3.5203    83.4551
3.5671    83.4552
3.6146    83.4553
3.6627    83.4555
3.7114    83.4556
3.7608    83.4557
3.8109    83.4558
3.8617    83.5768
3.9131    83.5769
3.9651    83.577
4.0179    83.5771
4.0714    83.5772
4.1256    83.5774
4.1804    83.6983
4.2361    83.6984
4.2925    83.6985
4.3497    83.6987
4.4075    83.6987
4.4663    83.8197
4.5257    83.8199
4.5859    83.8199
4.647    83.8201
4.7088    83.8202
4.7715    83.8203
4.835    83.8204
4.8993    83.8205
4.9645    83.8207
5.0306    83.8208
5.0975    83.8209
5.1654    83.821
5.2341    83.8211
5.3038    83.8212
5.3744    83.8214
5.4459    83.8215
5.5184    83.8216
5.5918    83.8216
5.6662    83.8218
5.7416    83.8218
5.818    83.822
5.8955    83.8222
5.9739    83.8223
6.0534    83.8224
6.134    83.8225
6.2156    83.8226
6.2983    83.8227
6.3822    83.8229
6.4672    83.9438
6.5532    83.9439
6.6404    83.9441
6.7288    83.9442
6.8184    83.9443
6.9091    83.9444
7.0011    83.9445
7.0942    83.9445
7.1888    84.0656
7.2844    84.0657
7.3814    84.0658
7.4796    84.0659
7.5791    84.0661
7.68    84.0662
7.7822    84.0663
7.8858    84.0664
7.9907    84.0665
8.0971    84.0666
8.205    84.1876
8.3141    84.1877
8.4248    84.1878
8.5369    84.1879
8.6505    84.1881
8.7658    84.309
8.8824    84.3091
9.0006    84.3093
9.1204    84.3094
9.2418    84.3094
9.3649    84.4304
9.4895    84.4306
9.6158    84.4307
9.7438    84.4308
9.8735    84.4309
10.005    84.5518
10.1381    84.552
10.2731    84.5521
10.4098    84.5522
10.5483    84.5523
10.6886    84.5524
10.831    84.5526
10.975    84.5527
11.1212    84.5528
11.2692    84.5529
11.4193    84.6739
11.5713    84.674
11.7252    84.6741
11.8813    84.6742
12.0394    84.6743
12.1997    84.6743
12.362    84.6745
12.5267    84.7955
12.6934    84.7955
12.8624    84.7957
13.0335    84.7959
13.2072    84.9167
13.3829    84.9169
13.5612    85.0379
13.7417    85.038
13.9247    85.159
14.1101    85.1591
14.298    85.2801
14.4883    85.2802
14.6813    85.4011
14.8767    85.4013
15.0749    85.5222
15.2755    85.5223
15.479    85.6433
15.685    85.6434
15.894    85.7644
16.1055    85.7645
16.3201    85.8855
16.5373    85.8856
16.7576    86.0065
16.9806    86.0066
17.2068    86.1276
17.4358    86.1277
17.6681    86.2487
17.9032    86.2488
18.1417    86.3698
18.3831    86.3699
18.628    86.4908
18.8761    86.6118
19.1274    86.6118
19.3822    86.7328
19.6402    86.733
19.9018    86.854
20.1667    86.854
20.4353    86.975
20.7076    87.096
20.983    87.0961
21.2627    87.2171
21.5459    87.338
21.833    87.459
22.1235    87.4591
22.4183    87.58
22.7168    87.701
23.0195    87.822
23.3262    87.943
23.637    88.0639
23.9518    88.1849
23.9522    88.3057
24.2713    88.4267
24.5946    88.5476
24.9222    88.6686
24.9226    88.7894
25.2542    88.7896
25.2546    88.9104
25.5907    88.9104
25.591    89.0314
25.9316    89.0315
26.2767    89.0316
26.2771    89.1525
26.6271    89.2734
26.9818    89.3944
27.3409    89.3945
27.7048    89.3946
28.0739    89.5156
28.4479    89.6364
28.8268    89.7574
29.2109    89.8784
29.6    89.9994
29.9943    90.1204
30.3939    90.2413
30.7988    90.3623
31.2091    90.4833
31.2095    90.604
31.6253    90.725
31.6257    90.8458
32.0466    90.846
32.047    90.9668
32.4735    90.967
32.474    91.0878
32.9061    91.088
32.9066    91.2088
33.345    91.3298
33.7892    91.4506
34.2393    91.5716
34.6954    91.6926
34.6959    91.8135
35.1581    91.9344
35.6265    92.0554
36.1011    92.1764
36.5819    92.2973
37.0694    92.4183
37.0699    92.5392
37.5636    92.6601
38.0641    92.7811
38.0646    92.9019
38.5716    93.0229
38.5722    93.1437
39.0861    93.2647
39.6068    93.3857
39.6073    93.5065
40.135    93.6275
40.6696    93.7484
40.6702    93.8693
41.212    93.9902
41.761    94.1112
42.3173    94.2322
42.3179    94.353
42.8816    94.474
43.4529    94.5949
43.4535    94.7158
44.0324    94.8367
44.619    94.9577
44.6196    95.0785
45.214    95.1995
45.8163    95.3205
46.4267    95.4414
47.0452    95.5624
47.6719    95.6833
48.307    95.8043
48.3075    95.9252
48.9512    96.0461
49.6033    96.1671
50.2641    96.288
50.9337    96.409
51.6122    96.53
51.6129    96.6508
52.3005    96.7718
52.9971    96.8927
53.7033    97.0137
53.704    97.1345
54.4194    97.2555
55.1444    97.3765
55.879    97.4974
55.8798    97.6183
56.6242    97.7391
57.3785    97.8601
58.1429    97.9811
58.1437    98.102
58.9183    98.223
59.7032    98.3439
59.704    98.4647
60.4993    98.5857
61.3053    98.7067
61.3061    98.8275
62.1228    98.9485
62.9504    99.0695
63.789    99.1904
63.7899    99.3113
64.6397    99.4322
65.5008    99.5532
65.5017    99.674
66.3743    99.795
67.2585    99.916
68.1536    99.9161
69.0615    100.037
69.9816    100.158
70.9138    100.279
71.8586    100.3999
72.8157    100.5209
73.7859    100.6419
74.7689    100.7628
75.7639    100.7629
75.7649    100.8838
76.7732    100.8839
77.7949    100.884
78.8313    101.005
79.8815    101.1259
80.9457    101.2469
82.024    101.3679
83.1156    101.3679
84.2229    101.4889
85.3449    101.6099
86.4818    101.7309
87.6339    101.8518
88.8002    101.8519
89.9832    101.9729
91.1819    102.0939
92.3966    102.2147
93.6275    102.3357
94.8736    102.3359
96.1375    102.4569
97.4182    102.5777
98.716    102.6987
100.0311    102.8197
101.3623    102.8199
102.7127    102.9407
104.081    103.0618
105.4675    103.1827
106.8726    103.3037
108.2949    103.3038
109.7375    103.4248
111.198    103.4249
112.6793    103.5459
114.1789    103.546
115.7    103.6669
117.2398    103.6671
118.8016    103.788
120.3827    103.7881
121.9864    103.9091
123.6098    103.9092
125.2566    104.0302
126.9235    104.0303
128.6143    104.1512
130.326    104.1514
132.0622    104.2723
133.8197    104.2724
135.6025    104.3934
137.409    104.5144
139.2376    104.5145
141.0926    104.6354
142.9722    104.7564
144.8749    104.7565
146.8049    104.8775
148.7586    104.8776
150.7404    104.9986
152.7485    105.1195
154.7814    105.1196
156.8412    105.1197
158.9306    105.2407
161.0458    105.2408
163.1912    105.3618
165.363    105.3618
167.5636    105.362
169.796    105.483
172.0557    105.483
174.3477    105.604
176.6681    105.6042
179.0192    105.6042
181.4017    105.6044
183.8159    105.6045
186.2622    105.6046
188.741    105.6048
191.2528    105.6049
193.7981    105.605
196.3772    105.6051
198.9907    105.6052
201.6389    105.6053
204.3224    105.6054
207.0416    105.6056
209.797    105.6057
212.5891    105.6058
215.4183    105.6059
218.2852    105.6059
221.1902    105.6061
224.1339    105.6063
227.1167    105.6064
230.1393    105.6065
233.2021    105.6066
236.3056    105.6067
239.4504    105.6068
242.6371    105.6069
245.8662    105.6071
249.1383    105.6072
252.4539    105.6073
255.8136    105.6074
259.2182    105.6075
262.6679    105.6076
266.1636    105.6078
269.7058    105.6078
273.2952    105.608
276.9323    105.608
280.6178    105.6082
284.3524    105.6082
288.1366    105.6085
291.9713    105.6086
295.8569    105.6087
299.7943    105.6088
303.7841    105.6089
307.827    105.609
311.9236    105.6091
316.0748    105.6093
320.2812    105.6094
324.5436    105.6095
328.8628    105.6096
333.2395    105.6097
337.6743    105.6098
342.1683    105.6099
346.722    105.6101
351.3363    105.6101
356.012    105.6103
360.7499    105.6104
365.5509    105.6105
370.4158    105.6106
375.3454    105.6108
380.3407    105.6109
385.4024    105.611
390.5314    105.6111
395.7288    105.6112
400.9952    105.6113
406.3319    105.6115
411.7395    105.6116
417.2191    105.6117
422.7715    105.6118
428.398    105.6118
434.0993    105.612
439.8765    105.6122
445.7305    105.6122
451.6625    105.6124
457.6733    105.6125
463.7642    105.6126
469.9362    105.6127
476.1903    105.6128
482.5276    105.613
488.9492    105.6131
495.4564    105.6132
502.0501    105.6133
508.7316    105.6134
515.502    105.6135
522.3624    105.6137
529.3142    105.6138
536.3586    105.6139
543.4966    105.6139
550.7297    105.6141
558.059    105.6141
565.4858    105.6143
573.0115    105.6145
580.6374    105.6146
588.3647    105.6147
596.1949    105.6148
604.1293    105.6149
612.1693    105.615
620.3163    105.6152
628.5716    105.6153
636.9369    105.6154
645.4135    105.6155
654.0029    105.6156
662.7066    105.6157
671.5262    105.6159
680.4631    105.616
689.519    105.616
698.6954    105.6162
707.9939    105.6162
717.4161    105.6164
726.9637    105.6165
736.6385    105.6167
746.4419    105.6168
756.3758    105.6169
766.442    105.617
776.6421    105.6171
786.9779    105.6172
797.4513    105.6174
808.0641    105.6175
818.8181    105.6176
829.7153    105.6177
840.7574    105.6178
851.9465    105.6179
863.2846    105.6179
874.7734    105.6181
886.4153    105.6183
898.212    105.6183
910.1658    105.6185
922.2909    105.7395
934.5651    105.7396
